0163607111529SBILL3           4  5211  2            01001   0    18420      1800711
0163607111529SBILL3           4  5211  2            011    15 10     0      0800711
0163407111525SBILL3           4  5211  2            01001   0     3735      1800711
0163407111525SBILL3           4  5211  2            011     5 10     0      0800711
0164007111626SBILL3           4  5211  2            01001   0    18420      1800711
0164007111626SBILL3           4  5211  2            011    15 10     0      0800711
0158508111110SBILL3           4  5211  2            01001   0   487065      1800811
0158508111110SBILL3           4  5211  2            011   125 10     0      0800811
0158408111012SBILL3           4  5211  2            01001   0    73180      1800811
0158408111012SBILL3           4  5211  2            011    26 10     0      0800811
0158308111010SBILL3           4  5211  2            01001   0    11120      1800811
0158308111010SBILL3           4  5211  2            011    18 10     0      0800811
0106608291435DISTRICT71A  13421131033 71*           01001   0   701475      1800901
0106608291435DISTRICT71A  13421131033 71*           011   274 10     0      0800901
0194209291011STRAUSSH     17514161135202AP          01001   0   830796      9800930
0194209291011STRAUSSH     17514161135202AP          011   346 10     0      0800930
0163210121800OLDPDP           4167653  2WECO        01001   0   808403      3801014
0163210121800OLDPDP           4167653  2WECO        011  3919 10     0      0801014
0108010282055STRAUSSH     17514161135202MTCINV      01001   0  1087756      1801029
0108010282055STRAUSSH     17514161135202MTCINV      011   687 10     0      0801029
0159911081330STRAUSSH     17514161135202MTCINV      01001   0   208548      1801110
0159911081330STRAUSSH     17514161135202MTCINV      011   430 10     0      0801110
0165311102232STRAUSSH     17514161135202MTCINV      01001   0    72626      1801114
0165311102232STRAUSSH     17514161135202MTCINV      011   663 10     0      0801114
0243805181324NETQA        21476261167201            01001   0  1297315      1810518
0243805181324NETQA        21476261167201            011   375 10     0      0810518
0273806220941CMOREL           4264436  2            01001   0  2124976      8810622
0273806220941CMOREL           4264436  2            011  4065 10     0      0810622
0204107010605STRAUSSH     17514161135202INVEN       01001   0  1952531      1810701
0204107010605STRAUSSH     17514161135202INVEN       011   859 10     0      0810701
0270607161348DISTRICT63A  23761314632 632           01001   0  1320794      2810717
0270607161348DISTRICT63A  23761314632 632           011  2379 10     0      0810717
0267207151621NETQA        21476261167201            01001   0  1405885      1810719
0267207151621NETQA        21476261167201            011   613 10     0      0810719
0223507302323STRAUSSH     17514161135202VCCS        01001   0    33200      1810803
0223507302323STRAUSSH     17514161135202VCCS        011    13 10     0      0810803
0223307302244STRAUSSH     17514161135202MTCINV      01001   0   369355      1810803
0223307302244STRAUSSH     17514161135202MTCINV      011    69 10     0      0810803
0292508131128MNICHOLS         4364770  2            01000   0  1080000      1810814
0292508131128MNICHOLS         4364770  2            011   800 01     0      0810814
0292208131100MNICHOLS         4364770  2            01000   0  1277848      1810815
0292208131100MNICHOLS         4364770  2            011  2501 01     0      0810815
0231708250812APACCT       20577167013  2TAPELIST    01001   0     9600      1810825
0231708250812APACCT       20577167013  2TAPELIST    011     3 10     0      0810825
0285009081056NETQA        21476261167201            01000   0  1390240      1810910
0285009081056NETQA        21476261167201            011   622 00     0      0810910
0244110281133NETQA        21476261167201            01001   0  1346255      1811028
0244110281133NETQA        21476261167201            011   376 10     0      0811028
0270911052152STRAUSSH     17514161135202CSSINV      01001   0   986693      2811109
0270911052152STRAUSSH     17514161135202CSSINV      011   577 10     0      0811109
0217911171615STRAUSSH     17514161135202MTCINV      01001   0   800073      1811120
0217911171615STRAUSSH     17514161135202MTCINV      011   541 10     0      0811120
0277212081011NETQA        21476261167201            01001   0  1704030      1811208
0277212081011NETQA        21476261167201            011   459 10     0      0811208
0289312101156STRAUSSH     17514161135202MTCINV      01002   0   209320      1811216
0289312101156STRAUSSH     17514161135202MTCINV      011    40 21     0      0811216
0209612181325OPER             1    21  0GOOD SEASONS01001   0    76860      1811219
0209612181325OPER             1    21  0GOOD SEASONS011    57 10     0      0811219
0219902160933NETQA        21476261167201            01001   0  1803090      1820217
0219902160933NETQA        21476261167201            011   812 10     0      0820217
0202203101525NETQA        21476261167201            01000   0   702990      1820312
0202203101525NETQA        21476261167201            011   316 00     0      0820312
0223206281013STRAUSSH     17514161135202INVEN       01001   0  1486848      1820628
0223206281013STRAUSSH     17514161135202INVEN       011   461 10     0      0820628
0254007061743STRAUSSH     175141611352022NDINV      01001   0   174913      1820706
0254007061743STRAUSSH     175141611352022NDINV      011   437 10     0      0820706
0284407151458STRAUSSH     17514161135202INVEN       01001   0  1115038      1820716
0284407151458STRAUSSH     17514161135202INVEN       011   599 10     0      0820716
0267009170900CORPTEL          4144346  2            01001   0    24320      4820917
0267009170900CORPTEL          4144346  2            011    35 10     0      0820917
0268209171516INTEOM       11010 40425206ROY TEST    01001   0     4715      1820917
0268209171516INTEOM       11010 40425206ROY TEST    011     5 10     0      0820917
0240711082005STRAUSSH     17514161135202INEN        01001   0   465939      1821110
0240711082005STRAUSSH     17514161135202INEN        011   953 10     0      0821110
0298108221737CORPTEL          4144346  2            01001   0    20190      4830823
0298108221737CORPTEL          4144346  2            011    35 10     0      0830823
0216811251526CORPTEL          4144346  2            01001   0    52150      4831128
0216811251526CORPTEL          4144346  2            011    78 10     0      0831128
0216711251525CORPTEL          4144346  2            01001   0    27370      1831128
0216711251525CORPTEL          4144346  2            011    38 10     0      0831128
0216611251418CORPTEL          4144346  2            01001   0    49440      4831128
0216611251418CORPTEL          4144346  2            011    72 10     0      0831128
0216511251416CORPTEL          4144346  2            01001   0    26290      1831128
0216511251416CORPTEL          4144346  2            011    34 10     0      0831128
0216311251149CORPTEL          4144346  2408-446-775401001   0    24720      4831128
0216311251149CORPTEL          4144346  2408-446-7754011    36 10     0      0831128
0286712300934CORPTEL          4144346  2D           01001   0    24000      3831230
0286712300934CORPTEL          4144346  2D           011    42 10     0      0831230
0286612300931CORPTEL          4144346  2            01001   0    27280      1831230
0286612300931CORPTEL          4144346  2            011    38 10     0      0831230
0210505221435CORPTEL          4144346  2            01001   0    50060      4840522
0210505221435CORPTEL          4144346  2            011    76 10     0      0840522
0213605241235CORPTEL          4144346  2            01001   0    42700      4840524
0213605241235CORPTEL          4144346  2            011    68 10     0      0840524
0214205241735CORPTEL          4144346  2            01001   0     2380      4840525
0214205241735CORPTEL          4144346  2            011    12 10     0      0840525
0218308301240ACCG1        21477215544201DOC         11001   0    16100      9840830
0218308301240ACCG1        21477215544201DOC         111    13 10     0      0840830
0249311021420ACCG1        21477215544201JOE.REQ     11001   0    17245      1841102
0249311021420ACCG1        21477215544201JOE.REQ     111     9 10     0      0841102
0290801071625ACCG1        21477215544201NEWPRICE.RPT11001   0   148213      1850108
0290801071625ACCG1        21477215544201NEWPRICE.RPT111   839 10     0      0850108
0271002061804ACCG1        21477215544201EOM.DEC     11001   0   592283      1850207
0271002061804ACCG1        21477215544201EOM.DEC     111   887 10     0      0850207
0239604121149ACCG1        21477215544201CABLE       11001   0    19720      1850412
0239604121149ACCG1        21477215544201CABLE       111     9 10     0      0850412
0239504121148ACCG1        21477215544201CABLE.REQ   11001   0   273840      4850412
0239504121148ACCG1        21477215544201CABLE.REQ   111   108 10     0      0850412
0271904291730SBILL1           4112057205BILL.REQ    01001   0    49750      1850429
0271904291730SBILL1           4112057205BILL.REQ    011    34 10     0      0850429
0220205141156ACCG1        21477215544201CABLE.REQ   11001   0   163450      2850514
0220205141156ACCG1        21477215544201CABLE.REQ   111    64 10     0      0850514
0220405141342ACCG1        21477215544201CABLE.REQ   11001   0   164585      2850514
0220405141342ACCG1        21477215544201CABLE.REQ   111    63 10     0      0850514
0223505160933ACCG1        21477215544201DICKS.REQ   11001   0   208515      4850516
0223505160933ACCG1        21477215544201DICKS.REQ   111    83 10     0      0850516
0233205211758ACCG1        21477215544201CABLE.BIL   11001   0   164675      2850521
0233205211758ACCG1        21477215544201CABLE.BIL   111    64 10     0      0850521
0299106171522DISTRICT76A  24323222271 76USI.MAI     01003   0   117715      1850618
0299106171522DISTRICT76A  24323222271 76USI.MAI     011    39 31     0      0850618
0267807191523DISTRICT76A  24323222271 76USI         01003   0    79570      1850722
0267807191523DISTRICT76A  24323222271 76USI         011    16 31     0      0850722
0229808161616SBILL1           4112057205            01001   0   454180      9850817
0229808161616SBILL1           4112057205            011   146 10     0      0850817
0231708181653SBILL1           4112057205            01001   0    24635      1850818
0231708181653SBILL1           4112057205            011    20 10     0      0850818
0231608181651SBILL1           4112057205            01001   0    21755      1850818
0231608181651SBILL1           4112057205            011    20 10     0      0850818
0231508181650SBILL1           4112057205            01001   0    38175      1850818
0231508181650SBILL1           4112057205            011    37 10     0      0850818
0231408181649SBILL1           4112057205            01001   0    38175      1850818
0231408181649SBILL1           4112057205            011    37 10     0      0850818
0204909251446SBILL1           4112057205            01001   0     2380      1850925
0204909251446SBILL1           4112057205            011     2 10     0      0850925
0256601141658CLOVE            4503721  2BILDOC      01001   0   452050      1860115
0256601141658CLOVE            4503721  2BILDOC      011   230 10     0      0860115
0232702261513CLOVE            4503721  2DOCUMENTATIO01001   0   248740     34860226
0232702261513CLOVE            4503721  2DOCUMENTATIO011   233 10     0      0860226
0279103201611SBILL1           4112057205            01001   0   660865      5860321
0279103201611SBILL1           4112057205            011   161 10     0      0860321
0232006232221SBILL1           4112057205            01001   0   169710      1860623
0232006232221SBILL1           4112057205            011   159 10     0      0860623
0232306232229SBILL1           4112057205            01001   0      150      1860624
0232306232229SBILL1           4112057205            011     2 10     0      0860624
0295607311404LHEINZEL     44266503172229            01001   0   578700      2870731
0295607311404LHEINZEL     44266503172229            011   606 10     0      0870731
0230109011620DEXTER           4271160  2            01001   0   457885      1870902
0230109011620DEXTER           4271160  2            011   230 10     0      0870902
0289211020918MKTGTOOLS    21476443132229            01001   0  1126770      1871102
0289211020918MKTGTOOLS    21476443132229            011   574 10     0      0871102
0272201191318ACCG1        21477215544201            11001   0   349820     20880119
0272201191318ACCG1        21477215544201            111   158 10     0      0880119
0282101291554TECHSERV     21476261167229            01001   0   472760      1880130
0282101291554TECHSERV     21476261167229            011    19 10     0      0880130
0125803141839INTLTECH     44267175763229            01001   0   274635      1880315
0125803141839INTLTECH     44267175763229            011   282 10     0      0880315
0126003141934INTLTECH     44267175763229            01001   0   516120      3880315
0126003141934INTLTECH     44267175763229            011   507 10     0      0880315
0100905050928MSKAFF       21477605655229            01001   0   459610      1890505
0100905050928MSKAFF       21477605655229            011   230 10     0      0890505
0121701041252ACCG1        21477215544201            11001   0   426765      1900104
0121701041252ACCG1        21477215544201            111    38 10     0      0900104
0121601041212ACCG1        21477215544201            11001   0   160640      1900104
0121601041212ACCG1        21477215544201            111    15 10     0      0900104
0145801261450ACCG1        21477215544201            11001   0   548086      1900126
0145801261450ACCG1        21477215544201            111   419 10     0      0900126
0383407021445ACCG1        21477215544201            11001   0    41445      1900702
0383407021445ACCG1        21477215544201            111    14 10     0      0900702
0302207261017ACCG1        21477215544201            11001   0    12935      2900726
0302207261017ACCG1        21477215544201            111    11 10     0      0900726
0337909171712DAULTON      21477130074201            01001   0    45480      1900918
0337909171712DAULTON      21477130074201            011    30 10     0      0900918
0362311021500ACCG1        21477215544201            11001   0     1265      1901102
0362311021500ACCG1        21477215544201            111     1 10     0      0901102
0364211061614ACCG1        21477215544201            11001   0     1380      1901107
0364211061614ACCG1        21477215544201            111     1 10     0      0901107
0370011151038ACCG1        21477215544201            11001   0     2645      2901115
0370011151038ACCG1        21477215544201            111     2 10     0      0901115
