    06218097016947 4 4302FCDSSA                        N        .00        .00      89.96      60.42       1.50        .00     151.88       0.00
    06218107023017 4 4301XETA INTERNATIONAL            N    2434.62    1787.87     179.93       4.50       3.75       2.25    4412.92       0.00
    06218117023335 4 4302FCDSSA                        N      56.03     101.78    3748.50        .00       4.50       9.00    3919.81       0.00
    06218127026707 4 4302PLANNING RESEARCH CORPORATION N        .00        .00      22.49      26.99       3.75        .00      53.23       0.00
    06218137032572 4 4301COUNTY OF SAN DIEGO           N      30.10      24.28     295.37      36.00      11.25      29.25     426.25       0.00
    062181470 1762 4 4425ADMINISTRATIVE SCIENCES CORP. N        .49        .52     112.45      54.50       3.75      20.75     192.46       0.00
    06218157027743 4 4479PEAT MARWICK MITCHELL & CO.   N        .00        .00        .00        .00      11.25        .00      11.25       0.00
    06218167011258 4 4680INTERNAL REVENUE SERVICE      N    1398.95   13913.61    1224.26     133.47       4.50       6.31   16681.10       0.00
    062810199348540000301GENERAL SERVICES ADMINISTRATION    1251.17    7566.90    5141.09      89.96     121.45     252.89   14423.46       0.00
    062820299224710000301GENERAL SERVICES ADMINISTRATION   20275.28   82297.86   36920.09    2430.43    1450.67- 182326.53  -38952.20       0.00
