 301 3101800214773737422366 177 1840226 517       716     35.3565     77.0000     10.0000      2.1667  3    13     4  6 1 21477373742    1100056284022605.25190084022605.677200
 308 310020021477372774 232  52 1840226 355         3     15.1369      0.0000     25.0000      0.0000  4     3     2  1 1 21477372774     713622484022514.43780084022604.920600
 308 310023021477372774 232  52 1840226 355         1      6.5666      0.0000     25.0000      0.0000  4     3     2  1 1 21477372774     713622484022514.43780084022604.920600
 308 310020021477372774 232  52 1840226 355         1      4.2975      0.0000     25.0000      0.0000  4     2     2  1 1 21477372774     713622484022514.43780084022604.920600
 308 310020021477372774 232  52 1840226 427         4     16.8868      0.0000     25.0000      0.0000  4     3     2  1 1 21477372774     713622484022514.43780084022604.920600
 308 310023021477372774 232  52 1840226 427         1      5.4709      0.0000     25.0000      0.0000  4     3     2  1 1 21477372774     713622484022514.43780084022604.920600
 308 310020021477372774 232  52 1840226 427         0      4.2848      0.0000     25.0000      0.0000  4     2     2  1 1 21477372774     713622484022514.43780084022604.920600
 308 3100200000010443552356 136 1840226   9         4     21.2996      0.0000     25.0000      0.0000 11     3     2  6 1     1044355     713622484022600.06170084022600.413600
 308 3100230000010443552356 136 1840226   9         3     17.1926      0.0000     25.0000      0.0000 11     3     2  6 1     1044355     713622484022600.06170084022600.413600
 308 3100200000010443552356 136 1840226   9         2     16.9945      0.0000     25.0000      0.0000 11     3     2  6 1     1044355     713622484022600.06170084022600.413600
 308 3100230000010443552356 136 1840226   9         1      4.1345      0.0000     25.0000      0.0000 11     3     2  6 1     1044355     713622484022600.06170084022600.413600
 308 3100200000010443552356 136 1840226   9         2     16.4251      0.0000     25.0000      0.0000 11     3     2  6 1     1044355     713622484022600.06170084022600.413600
 308 3100230000010443552356 136 1840226   9        53    145.7440     10.0000     25.0000      0.0000 11     3     3  6 1     1044355     713622484022600.06170084022600.413600
 308 3100200000010443552356 136 1840226  10         2     16.0088      0.0000     25.0000      0.0000 11     3     2  6 1     1044355     713622484022600.06170084022600.413600
 308 3100230000010443552356 136 1840226  10         1      4.5235      0.0000     25.0000      0.0000 11     3     2  6 1     1044355     713622484022600.06170084022600.413600
 308 3100200000010443552356 136 1840226  10         9     44.2096      2.0000     25.0000      0.0000 11     7     3  6 1     1044355     713622484022600.06170084022600.413600
 308 3100230000010443552356 136 1840226  10         1      4.4138      0.0000     25.0000      0.0000 11     3     2  6 1     1044355     713622484022600.06170084022600.413600
 308 3100200000010443552356 136 1840226  10         1     14.2224      0.0000     25.0000      0.0000 11     3     2  6 1     1044355     713622484022600.06170084022600.413600
 308 3100230000010443552356 136 1840226  10       396   1188.4192    521.0000     25.0000      0.0000 11     3     3  6 1     1044355     713622484022600.06170084022600.413600
 308 3100200000010443552356 136 1840226  17         6     17.0728      0.0000     25.0000      0.0000 11     3     2  6 1     1044355     713622484022600.06170084022600.413600
 308 3100230000010443552356 136 1840226  17         1      8.0196      0.0000     25.0000      0.0000 11     3     2  6 1     1044355     713622484022600.06170084022600.413600
 308 3100200000010443552356 136 1840226  17         0      4.5551      0.0000     25.0000      0.0000 11     2     2  6 1     1044355     713622484022600.06170084022600.413600
 301 3101800214772537252562 113 1840226 413         6      9.1349     20.0000     10.0000      2.1667 11     7     2  7 1 21477253725     100000484022604.22110084022604.266900
 301 3101840214772537252562 113 1840226 414        88      5.0805      8.0000     10.0000      1.6667 11     5     2  7 1 21477253725           084022604.22110084022604.266900
 301 3101840214773333032562 112 1840226 417       108     93.5720    156.0000     10.0000      1.6667 11    38    10  7 1 21477333303           084022604.27190084022604.336900
 301 310184021477215544 234 115 1840226  47        30     60.7431    101.0000     10.0000      1.6667 14    16     6  1 1 21477215544           084022600.75250084022616.945300
 301 3101840214773333032562  52 18402261209      5246     45.8629     76.0000     10.0000      1.6667 16    12     3  7 1 21477253725           084022612.14310084022613.783900
 308 310020021477372774 232  60 18402261401         3     16.4355      0.0000     25.0000      0.0000 16     3     2  1 1 21477372774     713622484022614.01610084022614.633100
 308 310023021477372774 232  60 18402261401        14     19.5695      1.0000     25.0000      0.0000 16     3     2  1 1 21477372774     713622484022614.01610084022614.633100
 308 310020021477372774 232  60 18402261401         7     15.7240      0.0000     25.0000      0.0000 16     3     2  1 1 21477372774     713622484022614.01610084022614.633100
 308 310023021477372774 232  60 18402261401      1000   6547.1254   2559.0000     25.0000      0.0000 16     8     6  1 1 21477372774     713622484022614.01610084022614.633100
 308 310020021477372774 232  60 18402261418         3      4.6392      0.0000     25.0000      0.0000 16     2     2  1 1 21477372774     713622484022614.01610084022614.633100
 308 310020021477372774 232  60 18402261419         3     16.6150      0.0000     25.0000      0.0000 16     3     2  1 1 21477372774     713622484022614.01610084022614.633100
 308 310023021477372774 232  60 18402261419         8     19.8547      1.0000     25.0000      0.0000 16     3     2  1 1 21477372774     713622484022614.01610084022614.633100
 308 310020021477372774 232  60 18402261419         3     16.5559      0.0000     25.0000      0.0000 16     3     2  1 1 21477372774     713622484022614.01610084022614.633100
 308 310023021477372774 232  60 18402261419      1097   6554.1147   2623.0000     25.0000      0.0000 16     8     6  1 1 21477372774     713622484022614.01610084022614.633100
 308 310020021477372774 232  60 18402261437         2      4.6198      0.0000     25.0000      0.0000 16     2     2  1 1 21477372774     713622484022614.01610084022614.633100
 308 310020021477372774 232  72 18402261702         2     16.6701      0.0000     25.0000      0.0000 17     3     2  1 1 21477372774     713622484022608.02830084022619.190000
 308 310023021477372774 232  72 18402261702         0      6.4949      0.0000     25.0000      0.0000 17     3     2  1 1 21477372774     713622484022608.02830084022619.190000
 308 310020021477372774 232  72 18402261702         1      4.4951      0.0000     25.0000      0.0000 17     2     2  1 1 21477372774     713622484022608.02830084022619.190000
 308 310020021477372774 232  72 18402261733         3     17.3864      0.0000     25.0000      0.0000 17     3     2  1 1 21477372774     713622484022608.02830084022619.190000
 308 310023021477372774 232  72 18402261733         1      6.8288      0.0000     25.0000      0.0000 17     3     2  1 1 21477372774     713622484022608.02830084022619.190000
 308 310020021477372774 232  72 18402261733         1      4.4229      0.0000     25.0000      0.0000 17     2     2  1 1 21477372774     713622484022608.02830084022619.190000
 308 310020021477372774 232  72 18402261804         2     17.1031      0.0000     25.0000      0.0000 17     3     2  1 1 21477372774     713622484022608.02830084022619.190000
 308 310023021477372774 232  72 18402261804         0      6.4382      0.0000     25.0000      0.0000 17     3     2  1 1 21477372774     713622484022608.02830084022619.190000
 308 310020021477372774 232  72 18402261804         2      4.3672      0.0000     25.0000      0.0000 17     2     2  1 1 21477372774     713622484022608.02830084022619.190000
 308 310020021477372774 232  72 18402261835         5     16.8900      0.0000     25.0000      0.0000 17     3     2  1 1 21477372774     713622484022608.02830084022619.190000
 308 310023021477372774 232  72 18402261835         2      6.7458      0.0000     25.0000      0.0000 17     3     2  1 1 21477372774     713622484022608.02830084022619.190000
 308 310020021477372774 232  72 18402261835         1      4.4681      0.0000     25.0000      0.0000 17     2     2  1 1 21477372774     713622484022608.02830084022619.190000
 301 3101840214773333032562  46 18402261424      6034     45.8627     76.0000     10.0000      1.6667 18    12     3  7 1 21477253725           084022614.39530084022617.755000
 301 3101840100562204352647 142 18402262046       108    186.4882    311.0000     10.0000      1.6667 18   190    18  8 1 10056220435           084022620.76970084022621.175800
 301 3101840100562204352647 142 18402262049       127    221.0138    368.0000     10.0000      1.6667 18   323    22  8 1 10056220435           084022620.76970084022621.175800
 301 3101840100562204352647 142 18402262052       172    243.4506    406.0000     10.0000      1.6667 18   367    24  8 1 10056220435           084022620.76970084022621.175800
 301 3101840100562204352647 142 18402262059       108    163.1350    272.0000     10.0000      1.6667 18   190    15  8 1 10056220435           084022620.76970084022621.175800
 301 3101840100562204352647 142 18402262104        63    121.1300    202.0000     10.0000      1.6667 18   134    12  8 1 10056220435           084022620.76970084022621.175800
 308 3100200214773727743335 142 18402251620         5     22.2656      0.0000     25.0000      0.0000 19     3     2 10 1 21477372774     713622484022516.34640084022620.222500
 308 3100230214773727743335 142 18402251620       486    668.4090    946.0000     25.0000      0.0000 19     3     3 10 1 21477372774     713622484022516.34640084022620.222500
 308 3100200214773727743335 142 18402251629         4     17.4966      0.0000     25.0000      0.0000 19     3     2 10 1 21477372774     713622484022516.34640084022620.222500
 308 3100230214773727743335 142 18402251629     15777 108849.8096  68463.0000     25.0000      0.0000 19    43    41 10 1 21477372774     713622484022516.34640084022620.222500
 308 3100200214773727743335 142 18402252052         1     12.4382      0.0000     25.0000      0.0000 19     3     2 10 1 21477372774     713622484022516.34640084022620.222500
 308 3100230214773727743335 142 18402252052         8     86.9287      0.0000     25.0000      0.0000 19     3     3 10 1 21477372774     713622484022516.34640084022620.222500
 308 3100200214773727743335 142 18402252052         1     23.0625      0.0000     25.0000      0.0000 19     3     2 10 1 21477372774     713622484022516.34640084022620.222500
 308 3100230214773727743335 142 18402252052         2     20.4234      2.0000     25.0000      0.0000 19     3     2 10 1 21477372774     713622484022516.34640084022620.222500
 308 3100200214773727743335 142 18402252052         1     16.2357      0.0000     25.0000      0.0000 19     3     2 10 1 21477372774     713622484022516.34640084022620.222500
 308 3100230214773727743335 142 18402252052     34753 141882.5566 122854.0000     25.0000      0.0000 19    82    80 10 1 21477372774     713622484022516.34640084022620.222500
 308 3100200214773727743335 142 1840226 631         4     13.3255      0.0000     25.0000      0.0000 19     3     2 10 1 21477372774     713622484022516.34640084022620.222500
 308 3100230214773727743335 142 1840226 631        53     87.0447      0.0000     25.0000      0.0000 19     3     3 10 1 21477372774     713622484022516.34640084022620.222500
 308 3100200214773727743335 142 1840226 632         6     22.4957      0.0000     25.0000      0.0000 19     3     2 10 1 21477372774     713622484022516.34640084022620.222500
 308 3100230214773727743335 142 1840226 632         3     21.0520      2.0000     25.0000      0.0000 19     3     2 10 1 21477372774     713622484022516.34640084022620.222500
 308 3100200214773727743335 142 1840226 632         2     14.2310      0.0000     25.0000      0.0000 19     3     2 10 1 21477372774     713622484022516.34640084022620.222500
 308 3100230214773727743335 142 1840226 632     22107 128961.7053 125313.0000     25.0000      0.0000 19    58    56 10 1 21477372774     713622484022516.34640084022620.222500
 308 3100200214773727743335 142 18402261241         2     14.6179      0.0000     25.0000      0.0000 19     3     2 10 1 21477372774     713622484022516.34640084022620.222500
 308 3100230214773727743335 142 18402261241         9    113.9308      0.0000     25.0000      0.0000 19     3     3 10 1 21477372774     713622484022516.34640084022620.222500
 308 3100200214773727743335 142 18402261241         1     25.7638      0.0000     25.0000      0.0000 19     3     2 10 1 21477372774     713622484022516.34640084022620.222500
 308 3100230214773727743335 142 18402261241         1     13.8681      2.0000     25.0000      0.0000 19     3     2 10 1 21477372774     713622484022516.34640084022620.222500
 308 3100200214773727743335 142 18402261241         0     14.4311      0.0000     25.0000      0.0000 19     3     2 10 1 21477372774     713622484022516.34640084022620.222500
 308 2100230214773727743335 142 18402261241     13972  87582.7888  90113.0000     25.0000      0.0000 19    34    34 10 1 21477372774     713622484022516.34640084022620.222500
    09                                                484619.1537 415485.0000                                                                                                  
    