    082147633 6759 1 1011RANDTRON                      M       2.79      13.67     329.17        .00      50.00       1.00     396.63       0.00
    08214773313386 1 1011INFOMEDIA                     M      77.23      43.91     158.46        .00      70.00      45.00     394.60       0.00
    08214783313438 1 1004MCNEIL CORPORATION            M        .00        .00     350.21        .00      10.00        .00     360.21       0.00
    08214793319547 1 1006VARIAN ASSOCIATES             M   15514.15  339455.58    4769.97    2308.08     104.00    2034.00  364185.78       0.00
    08214803320081 1 1004FOUR-PHASE SYSTEMS, INC.      M    1651.54   19702.50    3769.59        .00       6.00      55.00   25184.63       0.00
    08214813320532 1 1011F/A TECHNOLOGY INC            M      62.73      81.55     251.68      42.00     120.00      68.34     626.30       0.00
    08214823320533 1 1011F/A TECHNOLOGY INC            M        .00        .00      13.82        .00      50.00      36.18     100.00       0.00
    08214833330443 1 1006VARIAN ASSOCIATES             M     417.17    2747.06     857.79      62.00      70.00      36.00    4190.02       0.00
    08214843312771 1 1101NEWSOME ABBEY LTD.            M        .00        .00        .00        .00      65.00      35.00     100.00       0.00
    08214853316169 1 1101SMYTH & EKANGER               M        .00        .00        .00        .00      55.00      45.00     100.00       0.00
    08214863316608 1 1113STANWICK CORPORATION          M     261.44     865.03     699.26        .00      50.00      27.00    1902.73       0.00
    082148733 5174 1 1206WELLS LEASING CORP.           M     700.80    1156.93    2223.00        .00      90.00      31.00    4201.73       0.00
    08214883315180 1 1202WELLS FARGO BANK, N.A.        M        .00        .00        .00        .00      50.00      50.00     100.00       0.00
    08214893327401 1 1209AMERICAN PRESIDENT LINES      M    3254.36    5629.22    1168.89       6.00      15.00     288.00   10361.47       0.00
    08214903327402 1 1209AMERICAN PRESIDENT LINES      M    1825.57    2288.01    1791.87    2513.09      10.00     153.86    8582.40       0.00
    08214913329352 1 1209UNICON INTERNATIONAL, INC.    M   12118.35   56821.70    5342.24       6.00     230.00    2073.00   76591.29       0.00
    08214923330778 1 1206CHRIS IVORY                   M        .00        .00    1071.98      12.00      70.00        .00    1153.98       0.00
    08214933331769 1 1206LEVER                         M      39.67     236.19      35.00        .00     160.00       5.00     475.86       0.00
    08214943331774 1 1206ROTAN MOSLE LEASING CO.       M    1067.30    4988.62     339.28        .00      60.00      90.33    6545.53       0.00
    082149533  121 1 1501LOCKHEED MISSILES AND SPACE   M     219.13    1128.04     231.74        .00      10.00      74.00    1662.91       0.00
    082149633 9201 1 1511LOCKHEED MISSILES AND SPACE   M       1.71       2.00      78.19      25.00      15.00      55.13     177.03       0.00
    082149733 9224 1 1623ANACONDA TELECOMMUNICATIONS   M        .00        .00      11.52        .00      50.00      38.48     100.00       0.00
    08214983319830 1 1601PHELPS DODGE CORPORATION, WESTM     909.42     676.83    1761.17      24.00      60.00     302.32    3733.74       0.00
    08214993323172 1 1601RPM SYSTEMS                   M        .00        .00        .00        .00      50.00      50.00     100.00       0.00
    08215003330367 1 1632ARCOSOLAR                     M        .00        .00        .00        .00      50.00      50.00     100.00       0.00
    08215013324626 2 2202PACIFIC TELEPHONE             M        .00        .00    1819.41      24.00     100.00      52.58    1995.99       0.00
    08215023331201 2 2202PACIFIC TELEPHONE             M        .00        .00     106.65        .00      10.00        .00     116.65       0.00
    08215033335204 2 2221PACIFIC TELEPHONE AND TELEGRAPM     169.66      77.85      13.23      40.00      15.00      60.40     376.14       0.00
    08215043321236 2 2501SOUTHWESTERN BELL TEL CO      M      20.15    2972.69     934.77        .00      55.00       2.00    3984.61       0.00
    082150533 5588 2 2720PRICE WATERHOUSE & CO.        M   30766.34   69502.59   18710.35    2284.63    1870.00    2487.50  125621.41       0.00
    08215063313402 2 2720ITT FINANCIAL CORP            M     571.23    1691.87     216.09        .00      50.00      26.00    2555.19       0.00
    08215073315370 2 2702CHROMALLOY AMERICAN CORP.     M     762.86    2655.40     307.04       6.00      45.00      64.00    3840.30       0.00
    08215083317226 2 2720ITT FINANCIAL CORP.           M      31.04     172.34      43.41        .00      50.00       8.00     304.79       0.00
    08215093320641 2 2702CHROMALLOY NATURAL RESOURCES CM     564.30    1990.22     113.14        .00      25.00      58.00    2750.66       0.00
    08215103329678 2 2702APEX OIL COMPANY              M     215.77     203.41     390.97        .00      50.00      24.00     884.15       0.00
    08215113334213 2 2720PRICE WATERHOUSE & COMPANY    M        .00        .00        .00        .00     190.00        .00     190.00       0.00
    082151233 1924 4 4472AMF-ELECT. PRODUCTS DIV.      M        .00        .00        .00        .00      50.00      50.00     100.00       0.00
    08215133315149 4 4472AMERICAN MANAGEMENT SYSTEMS   M        .00        .00        .00        .00      50.00      50.00     100.00       0.00
    08215143316939 4 4472SUTRON CORP                   M        .00        .00        .00        .00      50.00      50.00     100.00       0.00
    08215153323258 4 4472AMERICAM MICROWAVE CORP       M        .00        .00        .00        .00      50.00      50.00     100.00       0.00
    08215163324155 4 4472SYNTECH CORPORATION           M        .00        .00        .00        .00      50.00      50.00     100.00       0.00
    08215173312700 5 5122UTL CORPORATION               M        .00        .00       2.30      54.00      50.00        .00     106.30       0.00
    08215183327993 5 5122ANDERSON CLAYTON FOODS        M    1476.21    1320.87    1617.51        .00       5.00      50.00    4469.59       0.00
    082151933 3558 5 5200COOPERS & LYBRAND             M        .00        .00        .00        .00      50.00      50.00     100.00       0.00
    082152033 5156 5 5200PSI, INC.                     M     119.45      90.93      82.94        .00      60.00      47.00     400.32       0.00
    08215213314804 5 5204NL SHAFFER                    M     240.36     363.85     245.64      31.00      50.00      18.00     948.85       0.00
    08215223318648 5 5204NL CONTROL SYSTEMS            M        .00        .00     131.33       6.00      50.00        .00     187.33       0.00
    08215233320991 5 5204NL WELL SERVICES              M        .00        .00      46.08        .00      50.00       3.92     100.00       0.00
    08215243320992 5 5200NL BASIN                      M        .00        .00      41.47        .00      50.00       8.53     100.00       0.00
    08215253320993 5 5204NL TREATING CHEMICALS         M        .00        .00      77.18        .00      50.00        .00     127.18       0.00
    08215263323443 5 5207BANK OF THE SOUTHWEST         M        .47        .91      52.40       6.00      70.00       2.00     131.78       0.00
    08215273325699 5 5205MILCHEM, INC.                 M      19.19      46.91     161.26        .00      90.00       2.00     319.36       0.00
    08215283325700 5 5205MILCHEM, INC.                 M        .00        .00     118.66        .00      50.00        .00     168.66       0.00
    08215293329653 5 5200THE MIRRER GROUP              M        .00        .00      24.19        .00      50.00      25.81     100.00       0.00
    08215303332782 5 5205IMCO SERVICES                 M     128.80     283.33    1387.21        .00      50.00      26.00    1875.34       0.00
    08215313314554 5 5406GULF OIL EXPLORATION AND PRODUM      24.71       6.81    1340.35      12.00     100.00       9.00    1492.87       0.00
    08215323321188 5 5410RUBICON CHEMICALS, INC.       M     440.55     659.75    1686.53        .00       5.00      24.00    2815.83       0.00
    08215333322993 5 5409ALTON OCHSNER MEDICAL FOUNDATIM      61.14     294.38     232.33        .00      50.00      11.00     648.85       0.00
    08215343332942 5 5410LOU ANA FOODS, INC.           M    1584.41    1355.15    2337.34        .00       5.00      90.85    5372.75       0.00
    08215353334880 5 5410EXXON CHEMICAL AMERICAS       M     213.66     493.87     396.62        .00      50.00      50.00    1204.15       0.00
    082153633 4195 5 5610GULF MINERAL RESOURCES COMPANYM        .00        .00       5.55        .00      55.00      39.45     100.00       0.00
    08215373313928 5 5601BYERLY AND COMPANY, INC.      M        .00        .00        .00        .00      50.00      50.00     100.00       0.00
    08215383317174 5 5618NORTHWEST ALASKAN PIPELINE CORM        .00        .00        .00        .00      50.00      50.00     100.00       0.00
    08215393331839 5 5610GULF MINERAL RESOURCES        M     651.33    3559.78     689.34       6.00      50.00      21.00    4977.45       0.00
    08215403332590 5 5610GULF RESEARCH AND DEVELOPMENT M        .00        .00       3.58        .00      50.00      46.42     100.00       0.00
    08215413313815 5 5703GULF OIL FINANCIAL CORPORATIONM     127.09     866.39     394.38       6.00      50.00      24.00    1467.86       0.00
    08215423314825 5 5703GULF OIL EXPL. AND PROD.      M        .00        .00        .00        .00      50.00      50.00     100.00       0.00
    08215433315176 5 5713THE SUPERIOR OIL COMPANY      M        .00        .00        .00        .00      60.00      40.00     100.00       0.00
    08215443321044 5 5701COASTAL STATES ENERGY COMPANY M     381.26     352.62    1504.10        .00      50.00      12.00    2299.98       0.00
    08215453321159 5 5702TEXAS GAS EXPLORATION CORPORATM     171.63     855.47    1021.34       6.00      50.00      17.00    2121.44       0.00
    08215463327399 5 5702THE CHARTER INTERNATIONAL OIL M     573.52     459.79    1485.65      12.00      60.00      35.00    2625.96       0.00
    08215473329463 5 5708OXIRANE CORPORATION           M        .00        .00       2.30        .00      50.00      47.70     100.00       0.00
    082154833 8011 6 6000TYMSHARE - CAPS WEST          M      54.16     327.12    4284.28     192.00     230.00      66.30    5153.86       0.00
    082154933 2694 6 6100CAPS-EAST GROUP               M      92.88     164.54    2760.52     240.00     375.00     151.40    3784.34       0.00
    08215503330526 6 6218PUBLIC EMPLOYEES RETIREMENT ASM    2487.76   15503.89    1717.77        .00      50.00     163.00   19922.42       0.00
    082155133  253 6 6300MWR CAPS GROUP                M   42576.70  601006.18    9744.24    4890.18     505.00    6123.42  664845.72       0.00
    08215523316164 6 6301TYMSHARE CAPS-MIDWEST         M      24.48      38.00      80.35        .00      65.00       5.00     212.83       0.00
    08215533318260 6 6410ER CAPS GROUP (WASH)          M        .00        .00    1294.08      42.00      60.00      51.00    1447.08       0.00
    08215543314835 8 8007HARVARD BUSINESS SCHOOL       M      13.39      14.32      27.05      18.00      60.00       2.00     134.76       0.00
    08215553320537 8 8001TOWERS ,PERRIN , FORSTER & CROM        .00        .00       6.91        .00      50.00      43.09     100.00       0.00
    08215563326859 8 8001ACADIAN FINANCIAL RESEARCH, INM      52.74      22.55     245.30        .00      70.00      13.00     403.59       0.00
    082155733 8552 8 8101HERBERT W. DAVIS AND COMPANY  M        .00        .00        .00        .00      50.00      50.00     100.00       0.00
    082155833 9284 8 8102EXXON CHEMICAL AMERICAS       M        .00        .00        .00        .00      50.00      50.16     100.16       0.00
    08215593313192 8 8103BECTON-DICKINSON, FRANCE S.A. M        .00        .00        .00        .00      55.00      45.00     100.00       0.00
    08215603313464 8 8103BECTON-DICKENSON & COMPANY    M        .00        .00        .00        .00      55.00      45.00     100.00       0.00
    08215613313466 8 8103LEHN & FINK PRODUCTS          M        .00        .00        .00        .00      55.00      45.00     100.00       0.00
    08215623314540 8 8105LUMMUS COMPANY                M     497.76     305.94    1637.86       6.00     290.00      51.00    2788.56       0.00
    08215633319580 8 8101OXIRANE INTERNATIONAL         M        .00        .00        .00        .00      55.00      45.00     100.00       0.00
    08215643330571 8 8103NABISCO, INC.                 M     933.65     901.70    1354.96        .00      60.00     123.60    3373.91       0.00
    08215653331302 8 8103FORMOSA PLASTICS USA          M     745.03     804.66    1583.50        .00      70.00      24.00    3227.19       0.00
    08215663317904 8 8301OTIS ELEVATOR CO.             M   20316.22  229236.33    9673.89      18.00    1330.00   10107.88  270682.32       0.00
    08215673325896 8 8305CONNECTICUT GENERAL LIFE INS. M    2450.37   10377.24     655.21        .00     370.00     926.07   14778.89       0.00
    08215683315110 8 8405E. I. DUPONT DE NEMOURS AND COM        .00        .00        .00        .00      50.00      50.00     100.00       0.00
    08215693320438 8 8408LAVENTHOL & HORWATH           M        .00        .00        .00        .00      50.00      50.00     100.00       0.00
    08215703320458 8 8405ICI AMERICAS                  M    1490.15   10200.88    2129.20      18.00      60.00      94.63   13992.86       0.00
    08215713320722 8 8408LAVENTHOL AND HORWATH         M        .00        .00        .00        .00      50.00      50.00     100.00       0.00
    08215723321179 8 8408LAVENTHOL AND HORWATH         M        .00        .00        .00        .00      50.00      50.00     100.00       0.00
    08215733328457 8 8410N.V. PHILIPS GLOEILAMPENFABRIEM        .00        .00        .00        .00      60.00      40.00     100.00       0.00
    08215743328458 8 8410PHILIPS DATA SYSTEMS          M        .00        .00        .00        .00      50.00      50.00     100.00       0.00
    08215753328459 8 8410PHILIPS MSD                   M        .00        .00        .00        .00      50.00      50.00     100.00       0.00
    08215763330514 8 8410MARTIN MARIETTA AEROSPACE     M        .00        .00       2.30        .00      80.00      17.70     100.00       0.00
    082157733 4020 9 9001INTERET CORPORATION           M      14.02      41.40    1346.56        .00     190.00      61.00    1652.98       0.00
    082157833 6650 9 9004PAINE WEBBER MITCHELL HUTCHINSM     374.18    1617.85     323.97      18.00      50.00      32.00    2416.00       0.00
    082157933 8181 9 9001INTERET CORPORATION           M        .00        .00     806.40        .00     110.00      51.60     968.00       0.00
    082158033 9232 9 9001INTERET CORPORATION           M        .00        .00       8.06        .00      70.00      50.80     128.86       0.00
    082158133 9904 9 9004SHEARSON HAYDEN STONE INC.    M        .00        .00        .00        .00      55.00      45.00     100.00       0.00
    08215823320378 9 9007PAINE WEBBER BLYTH EASTMAN    M     274.36     584.93    1077.86      36.00      60.00      66.68    2099.83       0.00
    08215833321703 9 9004PAINE WEBER JACKSON & CURTIS IM        .00        .00      21.89      12.00      50.00      16.11     100.00       0.00
    08215843328851 9 9004PAINE WEBBER BLYTH EASTMAN    M   10762.79   50696.84     739.06      24.00      60.00    3298.67   65581.36       0.00
    08215853330479 9 9004PAINE WEBBER MITCHELL HUTCHINSM      16.07     338.63     483.43        .00      50.00      12.00     900.13       0.00
    08215863333980 9 9004VALUELINE                     M    2063.64   13937.21    2926.91     187.00      70.00     164.00   19348.76       0.00
    082158733 4766 9 9208COPAQUEN ASSOCIATES, INC.     M        .16       2.20        .00      12.00      60.00      52.20     126.56       0.00
    082158833 5921 9 9203J.C. PENNEY CO., INC.         M        .00        .00        .00        .00      50.00      50.00     100.00       0.00
    08215893317951 9 9203J.C. PENNEY                   M        .00        .00        .00        .00      50.00      50.00     100.00       0.00
    08215903318923 9 9208CARDIS-N.C.I.T.D.             M        .00        .00       6.91       6.00     260.00      54.60     327.51       0.00
    08215913324042 9 9208J.A. TERTELING & SONS CO.     M        .00        .00        .00        .00      50.00      50.00     100.00       0.00
    082159233 5878 9 9310SYKES DATATRONICS             M      20.04      33.99      43.22        .00      50.00       5.00     152.25       0.00
    08215933320204 9 9310XEROX CORPORATION             M      48.43     632.62    1663.07        .00      60.00      84.22    2488.34       0.00
    08215943322685 9 9310XEROX CORPORATION             M     934.23    5476.75     776.89        .00      50.00      37.00    7274.87       0.00
    08215953322690 9 9310XEROX CORPORATION             M     433.72    2552.12     321.70        .00      60.00      29.00    3396.54       0.00
    082159633 7948 9 9601TOUCHE ROSS & CO.             M      66.73     398.70      95.02        .00      10.00        .00     570.45       0.00
    08215973323984 9 9601TOUCHE ROSS & CO.             M     420.37    1839.49      58.05      37.00      25.00        .00    2379.91       0.00
    08215983323129 9 9701THE NESTLE COMPANY            M       9.41      89.06    2522.48        .00      50.00       1.00    2671.95       0.00
    08215993330738 9 9711AMERICAN CAN COMPANY          M    2510.94    4373.33    2540.30        .00      50.00      99.00    9573.57       0.00
    08216003330692 9 9801GOODYEAR TIRE & RUBBER COMPANYM      15.34      17.98      88.74        .00      50.00      20.00     192.06       0.00
    082160133 6645 9 9901MANUFACTURERS HANOVER TRUST   M        .00        .00        .00        .00      70.00      30.  100.00       0.00
    082160233 82231010113STATE OF MARYLAND             M        .00        .00        .00        .00      50.00      50.00     100.00       0.00
    082160333267141010113EXECUTIVE RESOURCE ASSOC, INC.M        .05        .21        .00        .00      50.00      49.74     100.00       0.00
    082160433 49771010417AEROJET SERVICES COMPANY      M        .00        .00        .00        .00      50.00      50.00     100.00       0.00
    082160533171941111202GENERAL MILLS                 M     725.88    1176.74    9301.43     111.00      70.00     338.57   11723.62       0.00
    082160633305371111211FARMERS UNION CENTRAL EXCHANGEM    1369.06     260.10    1095.87        .00      50.00      76.00    2851.03       0.00
    082160733328841111201LINCOLN GRAIN, INC.           M      41.60      17.86      31.07        .00      50.00      46.44     186.97       0.00
    082160833329351111201GRAIN TERMINAL ASSOCIATION    M      28.82      26.61     182.09        .00      50.00       2.00     289.52       0.00
    082160933 87101111523ESMARK, INCORPORATED          M      12.98      50.28      89.86        .00      75.00       2.00     230.12       0.00
    082161033204721111566WISCONSIN STEEL               M        .00        .00        .00       6.00      50.00      44.00     100.00       0.00
    082161133 25721111609CONSUMERS POWER COMPANY       M     212.76     527.69    1606.11      74.00     100.00      77.60    2598.16       0.00
    082161233115451111609BONDNET                       M    3111.50    6062.05    2085.08      51.00     445.00     729.00   12483.63       0.00
    082161333153261111605CHRYSLER                      M        .00        .00        .00        .00      50.00      50.00     100.00       0.00
    082161433329121111609OWENS ILLINOIS                M        .00        .00    1407.48        .00      50.00        .00    1457.48       0.00
    082161533 17581212305BENDIX CORP-AVIONICS DIV.     M        .00        .00      78.34        .00      50.00        .00     128.34       0.00
    082161633317191212305COLUMBIA NITROGEN CORPORATION M    2371.44    2075.10    2555.48    1072.00      50.00      63.00    8187.02       0.00
    082161733 93811212884A. T. & T. CO.                M        .00        .00     587.52        .00      70.00        .00     657.52       0.00
    082161833   541414801PLANMETRICS INC.              M      13.51      43.70      57.71        .00      90.00      60.20     265.12       0.00
    082161933 41931414801CONSOLIDATED ANALYSIS CENTERS M        .00        .00       4.61       6.00      50.00      50.60     111.21       0.00
    082162033 65571414801MANAGEMENT DECISION SYSTEMS   M      26.23     174.66      52.99        .00      50.00      34.00     337.88       0.00
    082162133151151414801THE DMW GROUP INC.            M        .00        .00        .00        .00      50.00      50.00     100.00       0.00
    082162233260171414801TELESOURCE COMMUNICATION SERVIM        .00        .00       2.30       6.00      80.00      50.22     138.52       0.00
    082162333303722020320FIRST INTERSTATE BANK OF CALIFM    1261.52   53899.06    2908.06   24877.35     230.00    1947.44   85123.43       0.00
    082162433303742020320FIRST INTERSTATE BANK OF CALIFM     556.91        .00        .00        .00        .00        .00     556.91       0.00
    082162533 94442222004FAYEZ SAROFIM AND COMPANY     M      85.93    5319.58     999.51        .00     120.00     215.80    6740.82       0.00
    082162633145302222000WESTERN UNION INTERNATIONAL   M        .00        .00        .00        .00      60.00      50.20     110.20       0.00
    082162733197312222000TRW                           M     737.86     586.54    1776.77        .00      50.00      77.00    3228.17       0.00
    082162833197332222000CORNELL                       M        .00        .00        .00        .00      50.00      50.40     100.40       0.00
    082162933318692222900TTS                           M        .00        .00        .00        .00      55.00      45.00     100.00       0.00
    082163033175382525012BELL CANADA                   M     236.12     441.98     160.95        .00     130.00      64.80    1033.85       0.00
F |