CONHI,810131,       306244,     .0000,99999
CONHI,810228,       406050,    1.5184,86190
CONHI,810331,       385204,    1.0053,90860
CONHI,810430,       386675,    1.0433,90510
CONHI,810531,       286685,     .0000,99999
CONHI,810630,       220209,     .0000,99999
CONHI,810731,       281836,     .0000,99999
CONHI,810831,       503839,    3.3587,69460
CONHI,810930,       762084,    5.9481,45920
CONHI,811031,       877349,    6.6118,39890
CONHI,811130,       581802,    4.3826,60150
CONHI,811231,       590715,    4.4825,59250
CONLO,810131,      9192613,    1.4730,81580
CONLO,810228,      9943662,    1.9660,75420
CONLO,810331,     11878245,    1.2650,84180
CONLO,810430,      9943854,     .0000,99999
CONLO,810531,      8207647,    3.4383,57020
CONLO,810630,      6648484,    2.1886,72640
CONLO,810731,      7455089,    1.8631,76710
CONLO,810831,     10521787,    3.8914,51350
CONLO,810930,      8774344,    3.3382,58270
CONLO,811031,      6981449,    3.3568,58040
CONLO,811130,      5879062,    3.9432,50710
CONLO,811231,      6489437,    2.4230,69710
CPUUT,810131,   7544872961,     .0455,58630
CPUUT,810228,  10088920523,     .0552,49810
CPUUT,810331,   8359643071,     .0550,50000
CPUUT,810430,   6259189620,     .0524,52360
CPUUT,810531,   5174010617,     .0458,58360
CPUUT,810630,   5207322624,     .0461,58090
CPUUT,810731,   5349198816,     .0471,57180
CPUUT,810831,   6188883876,     .0521,52630
CPUUT,810930,   7438319347,     .0550,50000
CPUUT,811031,   6761302726,     .0548,50180
CPUUT,811130,   3266972613,     .0267,75720
CPUUT,811231,   3787693917,     .0319,71000
STORE,810131,   1543739904,     .0366,22120
STORE,810228,   1278346178,     .0345,26590
STORE,810331,   1270180475,     .0344,26800
STORE,810430,   1179113726,     .0334,28930
STORE,810531,   1064323416,     .0320,31910
STORE,810630,   1006345525,     .0311,33820
STORE,810731,    930202573,     .0298,36590
STORE,810831,    945810765,     .0301,35950
STORE,810930,    931584441,     .0298,36590
STORE,811031,   1198325885,     .0337,28290
STORE,811130,   1119359827,     .0327,30420
STORE,811231,    957407305,     .0303,35530
